function x = Qatar100()
% NAME : Qatar
% COMMENT : 100 fake locations in Qatar
% COMMENT : Random creation
% TYPE : TSP
% DIMENSION : 100
% EDGE_WEIGHT_TYPE : EUC_2D
% NODE_COORD_SECTION
x = [
1	 290.8936  	  334.2813
2	   48.3751 	  266.1985
3	   39.5374 	  997.8247
4	  504.5735 	  440.4856
5	  367.1044 	  241.8021
6	  923.5198 	  968.2973
7	  596.8233 	  172.4927
8	  808.4682 	   84.6956
9	  925.2908 	  478.9259
10	  362.8378 	  308.1619
11	  215.0375 	  276.4751
12	  135.9845 	  717.0053
13	  492.2820 	  707.8692
14	  783.5528 	  157.8697
15	  171.4278 	  315.7497
16	  187.0413 	  804.5717
17	  603.4886 	  435.7903
18	  833.1534 	  327.6756
19	  808.7873 	  244.3686
20	  287.8016 	  103.4254
21	   82.2067 	  270.2972
22	  647.7257 	  885.2374
23	  326.6265 	  184.8236
24	  611.8483 	  330.3659
25	  333.6370 	  459.4326
26	  436.7887 	  683.8068
27	  108.0687 	  741.2656
28	  311.3218 	  450.1950
29	  385.0586 	  428.0423
30	  679.7522 	  106.6819
31	  594.6970 	    3.4393
32	   72.8827 	  804.3581
33	  939.2775 	  846.4061
34	  437.0345 	  546.5129
35	  238.8186 	  242.2663
36	  824.3659 	  769.3717
37	  118.5078 	  830.5046
38	  760.7312 	  290.4893
39	  609.8359 	  253.6230
40	  512.4675 	  641.8627
41	   40.6709 	  786.7130
42	  555.7329 	  285.0202
43	  202.5228 	  333.9726
44	  800.1506 	   77.7226
45	  131.5049 	  284.2508
46	 202.4923  	  403.3471
47	  288.5487 	   54.1437
48	  637.8317 	  993.7894
49	   38.1858 	  617.8349
50	  788.0750 	  950.4654
51	  176.2894 	  472.6075
52	  895.1347 	  114.5053
53	  528.5577 	  490.4969
54	  468.6124 	  781.7375
55	  968.3815 	  662.8395
56	  588.6429 	  343.5952
57	  321.3090 	  804.2197
58	  239.5558 	  520.5422
59	  214.9329 	  752.0191
60	  377.0159 	  185.8004
61	  505.9346 	  747.2163
62	  242.9948 	  464.5887
63	   12.9281 	  342.6188
64	  283.2002 	  393.4425
65	  745.3206 	  588.7096
66	  602.7038 	  442.9372
67	  642.5358 	  446.1258
68	   99.8863 	   36.0779
69	  788.5369 	  362.0224
70	  939.3120 	  509.7971
71	   16.4206 	  159.8242
72	  981.2748 	  165.0563
73	  286.3680 	  101.2334
74	  987.7741 	  430.4266
75	  519.3169 	  180.3927
76	  158.3998 	  859.2692
77	  225.4058 	  737.8328
78	  395.6607 	  756.1496
79	  868.6570 	  606.7601
80	  517.6093 	  817.1854
81	  458.9472 	  434.7825
82	  525.5291 	  389.1977
83	  567.0650 	  245.6328
84	  661.8910 	  349.8891
85	  402.6741 	  586.8275
86	  743.4984 	  810.3493
87	  976.9782 	  540.1599
88	   73.0146 	  467.2513
89	  155.7601 	   93.4147
90	  859.4012 	   20.6935
91	  955.3015 	  796.3601
92	  752.2776 	  423.4191
93	  529.5136 	  404.0539
94	  535.0137 	  934.5018
95	  974.4602 	  172.3506
96	  752.3376 	  696.4790
97	  537.8787 	  722.8740
98	  126.7136 	  344.0941
99	  675.3824 	  188.7187
100	  152.6349 	  794.5090];

x = x(:,2:3);

