function x = Qatar100()
% NAME : Qatar
% COMMENT : 100 fake locations in Qatar
% COMMENT : Random creation
% TYPE : TSP
% DIMENSION : 100
% EDGE_WEIGHT_TYPE : EUC_2D
% NODE_COORD_SECTION
x = [
   1	2909	3343
2	484	2662
3	395	9978
4	5046	4405
5	3671	2418
6	9235	9683
7	5968	1725
8	8085	847
9	9253	4789
10	3628	3082
11	2150	2765
12	1360	7170
13	4923	7079
14	7836	1579
15	1714	3157
16	1870	8046
17	6035	4358
18	8332	3277
19	8088	2444
20	2878	1034
21	822	2703
22	6477	8852
23	3266	1848
24	6118	3304
25	3336	4594
26	4368	6838
27	1081	7413
28	3113	4502
29	3851	4280
30	6798	1067
31	5947	34
32	729	8044
33	9393	8464
34	4370	5465
35	2388	2423
36	8244	7694
37	1185	8305
38	7607	2905
39	6098	2536
40	5125	6419
41	407	7867
42	5557	2850
43	2025	3340
44	8002	777
45	1315	2843
46	2025	4033
47	2885	541
48	6378	9938
49	382	6178
50	7881	9505
51	1763	4726
52	8951	1145
53	5286	4905
54	4686	7817
55	9684	6628
56	5886	3436
57	3213	8042
58	2396	5205
59	2149	7520
60	3770	1858
61	5059	7472
62	2430	4646
63	129	3426
64	2832	3934
65	7453	5887
66	6027	4429
67	6425	4461
68	999	361
69	7885	3620
70	9393	5098
71	164	1598
72	9813	1651
73	2864	1012
74	9878	4304
75	5193	1804
76	1584	8593
77	2254	7378
78	3957	7561
79	8687	6068
80	5176	8172
81	4589	4348
82	5255	3892
83	5671	2456
84	6619	3499
85	4027	5868
86	7435	8103
87	9770	5402
88	730	4673
89	1558	934
90	8594	207
91	9553	7964
92	7523	4234
93	5295	4041
94	5350	9345
95	9745	1724
96	7523	6965
97	5379	7229
98	1267	3441
99	6754	1887
100	1526	7945];

x = x(:,2:3);

